00000000000000000000
00000000000000000000
00000000000000000000
00001000000000000000
00000100000000000000
00011100000000000000
00000000000000000000
00000000000000000000
00000000000000000000
00000000000000000000
00000000000000000000
00000000000000000000
00000000000000000000
00000000000000000000
00000000000000000000
00000000000000000000
00000000000000000000
00000000000000000000
00000000000000000000
00000000000000000000


00000000000000000000
00000000000000000000
00000000000000000000
00000000000000000000
00000000000000000000
00000000000000000000
00000111000000000000
00000000000000000000
00000000000010000000
00000000000010000000
00000000000010000000
00000000000000000000
00000000000000000000
00000011100000000000
00000111000000000000
00000000000000000000
00000000000000000000
00000000000000000000
00000000000000000000
00000000000000000000